e:
M 0 0 C 2 -1 5 -1 8 -2 S 2 -8 1 -1 C 2 4 6 2 9 0

iou:
M 0 0 C 2 0 6 -2 5 -4 S 1 3 6 3 S 8 -2 12 -3 S 20 2 13 3 S 10 -4 15 -3 C 17 -3 18 -2 20 -2 C 21 5 23 4 25 0 S 24 -5 25 4


person:
M 2 0 C -5 -1 -6 -5 0 -6 C 4 -6 2 -1 0 3 S -0.3333 14 0 21 M -1 12 C -3 14 -3.6667 18 -5 21 M -7 11 C -6 7 -6 3 0 3 C 0 5 5 4 3 10


money:
M 0 0 C 4 -2 5 3 8 1 L 6 4 C 3 4 1 1 -2 2 Z M 5 -1 C 5 -1 5 0 7 0 C 7 -1 6 -1 5 -1

arrow up:
M 0 0 C 3 -4 7 -6 4 -14 C 3 -13 3 -13 3 -12 C 3.6667 -13 4 -16 5 -13

arrow down:
M 0 0 C -5 1 -4 6.6667 -5 10 S -5.6667 8.6667 -6 8 S -6 12 -5 11 S -3.6667 9 -3 8
